3395 -0.05 2.3625 2.35 2.375 2.35 2.4 2.375 2.375 2.35 -10.4 -10.38 -10.62 -10.72 -10.76 -10.7 -10.64 -10.7 0.2 0.2 0.2 0.2 0.2 0.2 0.2 0.2 0.033333333 0.066666667 0.066666667 0.066666667 0.133333333 0.033333333 0.066666667 0.1 0.033333333 0.033333333 0.066666667 0.033333333 0.1 0.1 0.066666667 0.1
3396 -0.05 2.15 2.15 2.1625 2.175 2.1375 2.1375 2.125 2.125 -10.58 -10.8 -10.74 -10.52 -10.78 -10.8 -10.84 -10.94 0.2 0.2 0.2 0.2 0.2 0.2 0.2 0.25 0.033333333 0.066666667 0.066666667 0.066666667 0.066666667 0.133333333 0.133333333 0.033333333 0.066666667 0.033333333 0.033333333 0.066666667 0.1 0.133333333 0.066666667 0.133333333
3397 -0.05 2.25 2.275 2.2625 2.2875 2.2875 2.2625 2.25 2.2625 -11.14 -11.34 -11.24 -11.3 -11.16 -11.22 -11.36 -11.3 0.2 0.2 0.2 0.2 0.2 0.2 0.2 0.2 0.033333333 0.066666667 0.033333333 0.033333333 0.1 0.066666667 0.133333333 0.133333333 0.066666667 0.066666667 0.066666667 0.066666667 0.133333333 0.133333333 0.133333333 0.033333333
3398 -0.05 2.2625 2.2875 2.2875 2.3125 2.325 2.3125 2.3125 2.3 -12.12 -11.92 -12.16 -11.94 -11.9 -11.82 -12.16 -12.2 0.2 0.2 0.2 0.2 0.2 0.2 0.2 0.2 0.033333333 0.066666667 0.066666667 0.033333333 0.133333333 0.033333333 0.1 0.066666667 0.066666667 0.066666667 0.033333333 0.033333333 0.1 0.1 0.1 0.066666667
3399 -0.05 2.575 2.5875 2.6 2.6125 2.625 2.625 2.6125 2.6125 -13.14 -13.04 -12.94 -13.14 -12.92 -12.98 -13.1 -13.3 0.2 0.2 0.2 0.2 0.2 0.2 0.2 0.2 0.033333333 0.066666667 0.033333333 0.033333333 0.066666667 0.133333333 0.033333333 0.066666667 0.066666667 0.1 0.066666667 0.066666667 0.1 0.066666667 0.1 0.066666667
33910 -0.05 2.125 2.1125 2.125 2.125 2.125 2.1375 2.1375 2.125 -11.18 -11.08 -11.16 -11.2 -11.1 -11.1 -11.04 -11.28 0.2 0.2 0.2 0.2 0.2 0.2 0.2 0.2 0.033333333 0.066666667 0.033333333 0.066666667 0.1 0.066666667 0.066666667 0.066666667 0.066666667 0.033333333 0.033333333 0.066666667 0.133333333 0.033333333 0.1 0.066666667
33911 0 2.7 2.7 2.7125 2.75 2.7125 2.675 2.65 2.6875 -11.54 -11.68 -11.7 -11.54 -11.46 -11.48 -11.48 -11.46 0.2 0.2 0.2 0.2 0.2 0.2 0.2 0.2 0.033333333 0.033333333 0.033333333 0.033333333 0.1 0.1 0.066666667 0.066666667 0.033333333 0.066666667 0.066666667 0.033333333 0.066666667 0.133333333 0.1 0.066666667
33912 -0.05 2.4875 2.475 2.5 2.475 2.4625 2.475 2.4625 2.4625 -10.92 -11.06 -10.98 -11.2 -10.92 -10.96 -10.78 -10.96 0.15 0.2 0.2 0.2 0.2 0.2 0.2 0.2 0.033333333 0.033333333 0.033333333 0.033333333 0.133333333 0.1 0.1 0.066666667 0.066666667 0.033333333 0.066666667 0.033333333 0.1 0.066666667 0.1 0.066666667
33913 -0.05 2.075 2.0875 2.1 2.125 2.1375 2.125 2.1125 2.1125 -11.42 -11.5 -11.56 -11.3 -11.28 -11.14 -11.3 -11.46 0.2 0.2 0.2 0.15 0.2 0.2 0.2 0.2 0.033333333 0.066666667 0.033333333 0.033333333 0.066666667 0.033333333 0.033333333 0.066666667 0.066666667 0.033333333 0.033333333 0.033333333 0.133333333 0.1 0.1 0.066666667
33914 -0.05 2.35 2.3625 2.3625 2.375 2.3625 2.3375 2.35 2.3625 -11.16 -11.3 -11.34 -11.4 -11.32 -11.28 -11.22 -11.22 0.2 0.2 0.2 0.2 0.2 0.2 0.2 0.2 0.033333333 0.066666667 0.066666667 0.066666667 0.133333333 0.033333333 0.066666667 0.1 0.033333333 0.033333333 0.033333333 0.066666667 0.1 0.066666667 0.066666667 0.066666667
33915 -0.05 2.55 2.575 2.575 2.575 2.625 2.6125 2.625 2.625 -13.04 -12.98 -12.92 -12.98 -13 -12.8 -13.16 -13.16 0.2 0.2 0.2 0.2 0.2 0.2 0.2 0.2 0.033333333 0.033333333 0.033333333 0.066666667 0.1 0.1 0.066666667 0.066666667 0.066666667 0.033333333 0.033333333 0.1 0.066666667 0.133333333 0.066666667 0.133333333
33916 0 2.4 2.3875 2.4125 2.425 2.4125 2.4125 2.4 2.4125 -11.3 -11.32 -11.36 -11.46 -11.48 -11.46 -11.54 -11.66 0.2 0.2 0.2 0.2 0.2 0.2 0.2 0.2 0.033333333 0.033333333 0.033333333 0.033333333 0.1 0.066666667 0.066666667 0.133333333 0.066666667 0.033333333 0.1 0.066666667 0.133333333 0.066666667 0.066666667 0.066666667
33917 -0.05 2.2 2.1875 2.1875 2.2 2.2125 2.2125 2.1875 2.175 -10.64 -11 -10.98 -10.96 -11.22 -11.16 -10.84 -11.02 0.2 0.2 0.2 0.2 0.2 0.2 0.2 0.2 0.033333333 0.066666667 0.066666667 0.033333333 0.1 0.066666667 0.066666667 0.133333333 0.033333333 0.033333333 0.066666667 0.066666667 0.066666667 0.066666667 0.066666667 0.133333333
33918 -0.05 2.6125 2.6 2.575 2.6125 2.625 2.5875 2.65 2.6875 -11.34 -11.4 -11.3 -11.36 -11.42 -11.48 -11.54 -11.44 0.2 0.2 0.2 0.2 0.2 0.2 0.2 0.2 0.033333333 0.033333333 0.033333333 0.033333333 0.133333333 0.066666667 0.1 0.066666667 0.066666667 0.066666667 0.066666667 0.033333333 0.033333333 0.066666667 0.066666667 0.066666667
33919 -0.05 2.1125 2.1125 2.0875 2.0875 2.075 2.075 2.075 2.0875 -10.7 -10.86 -10.7 -10.8 -10.9 -10.96 -10.86 -11 0.15 0.2 0.2 0.2 0.2 0.2 0.2 0.2 0.033333333 0.066666667 0.066666667 0.033333333 0.066666667 0.133333333 0.133333333 0.033333333 0.033333333 0.033333333 0.066666667 0.033333333 0.1 0.066666667 0.1 0.066666667
33920 -0.05 2.6875 2.7 2.6875 2.725 2.7125 2.7 2.7 2.725 -12.22 -12.12 -12.02 -12.04 -11.96 -11.88 -12 -12.14 0.2 0.2 0.2 0.2 0.2 0.2 0.2 0.2 0.1 0.1 0.133333333 0.1 0.2 0.133333333 0.133333333 0.1 0.1 0.133333333 0.1 0.1 0.166666667 0.166666667 0.1 0.133333333
33921 -0.05 2.7375 2.75 2.75 2.7625 2.75 2.75 2.75 2.775 -11.74 -11.86 -11.84 -11.82 -11.96 -11.86 -12 -12.12 0.2 0.2 0.2 0.2 0.2 0.2 0.2 0.2 0.1 0.1 0.1 0.133333333 0.166666667 0.1 0.1 0.1 0.1 0.133333333 0.1 0.133333333 0.1 0.1 0.133333333 0.066666667
33922 0 2.6625 2.6625 2.6625 2.6625 2.6 2.6 2.625 2.6625 -11.18 -11.36 -11.54 -11.54 -11.26 -11.38 -11.52 -11.48 0.2 0.2 0.2 0.2 0.2 0.2 0.2 0.2 0.066666667 0.066666667 0.033333333 0.066666667 0.1 0.066666667 0.1 0.066666667 0.033333333 0.033333333 0.066666667 0.033333333 0.066666667 0.133333333 0.133333333 0.133333333
33923 0 2.475 2.475 2.475 2.5125 2.4625 2.4625 2.45 2.45 -11.18 -10.84 -10.78 -11.18 -11.24 -11.32 -11.32 -11.38 0.2 0.2 0.2 0.2 0.2 0.2 0.2 0.2 0.033333333 0.033333333 0.066666667 0.066666667 0.1 0.1 0.066666667 0.066666667 0.066666667 0.033333333 0.033333333 0.066666667 0.1 0.1 0.066666667 0.033333333
33924 -0.05 2.1375 2.1375 2.125 2.1375 2.1375 2.1375 2.1375 2.125 -11.3 -11.18 -11.28 -11.18 -11.22 -11.28 -11.36 -11.22 0.2 0.2 0.2 0.2 0.2 0.2 0.2 0.2 0.033333333 0.066666667 0.066666667 0.033333333 0.133333333 0.133333333 0.033333333 0.066666667 0.033333333 0.066666667 0.066666667 0.066666667 0.1 0.066666667 0.066666667 0.066666667
33925 -0.05 2.575 2.575 2.575 2.6 2.55 2.5625 2.55 2.5875 -11.34 -11.32 -11.26 -11.28 -11.16 -11.14 -11.24 -11.34 0.2 0.2 0.2 0.2 0.2 0.2 0.2 0.2 0.033333333 0.033333333 0.033333333 0.033333333 0.066666667 0.133333333 0.033333333 0.033333333 0.033333333 0.033333333 0.033333333 0.033333333 0.066666667 0.1 0.1 0.066666667
33926 -0.05 2.375 2.375 2.4 2.4125 2.3875 2.4 2.375 2.35 -10.68 -10.48 -10.62 -10.78 -10.8 -10.68 -10.82 -10.78 0.2 0.2 0.2 0.2 0.2 0.2 0.2 0.2 0.033333333 0.033333333 0.033333333 0.033333333 0.066666667 0.066666667 0.033333333 0.033333333 0.033333333 0.033333333 0.066666667 0.033333333 0.066666667 0.133333333 0.133333333 0.133333333
33927 -0.05 2.35 2.35 2.35 2.375 2.275 2.275 2.275 2.2875 -10.62 -10.56 -10.6 -10.54 -10.76 -10.76 -10.6 -10.58 0.2 0.2 0.2 0.2 0.2 0.2 0.2 0.2 0.033333333 0.033333333 0.033333333 0.066666667 0.1 0.1 0.066666667 0.066666667 0.033333333 0.1 0.033333333 0.066666667 0.066666667 0.066666667 0.066666667 0.033333333
33928 0 2.125 2.1125 2.125 2.1375 2.1125 2.125 2.1125 2.1125 -10.92 -10.96 -10.94 -10.94 -11.16 -11.14 -11.12 -11.08 0.2 0.2 0.2 0.2 0.2 0.2 0.2 0.2 0.033333333 0.066666667 0.066666667 0.066666667 0.066666667 0.133333333 0.133333333 0.066666667 0.033333333 0.033333333 0.066666667 0.033333333 0.066666667 0.066666667 0.133333333 0.066666667
33929 0 2.5125 2.525 2.5625 2.6125 2.5375 2.5375 2.525 2.55 -11.08 -11.12 -11.1 -11.04 -11.16 -11 -11.18 -11.14 0.2 0.2 0.2 0.2 0.2 0.2 0.2 0.2 0.033333333 0.066666667 0.066666667 0.033333333 0.1 0.066666667 0.066666667 0.066666667 0.066666667 0.033333333 0.033333333 0.066666667 0.1 0.066666667 0.133333333 0.133333333
33930 -0.05 2.4 2.4125 2.4 2.425 2.4375 2.45 2.425 2.45 -11.54 -11.52 -11.54 -11.46 -11.14 -11.08 -11.06 -11.2 0.2 0.2 0.2 0.2 0.2 0.2 0.2 0.15 0.033333333 0.033333333 0.033333333 0.033333333 0.133333333 0.066666667 0.133333333 0.066666667 0.033333333 0.066666667 0.033333333 0.033333333 0.1 0.1 0.066666667 0.066666667
33931 0 2.1375 2.15 2.15 2.1625 2.1625 2.15 2.15 2.1375 -10.64 -10.58 -10.64 -10.64 -10.7 -10.7 -10.64 -10.7 0.2 0.2 0.2 0.2 0.2 0.2 0.2 0.2 0.033333333 0.033333333 0.033333333 0.066666667 0.066666667 0.066666667 0.033333333 0.133333333 0.066666667 0.066666667 0.066666667 0.066666667 0.133333333 0.066666667 0.066666667 0.1
33932 0 2.425 2.425 2.4125 2.4625 2.45 2.425 2.4 2.3875 -10.88 -10.92 -11.1 -11.22 -11.04 -11.2 -11.18 -10.94 0.2 0.2 0.2 0.2 0.2 0.2 0.2 0.2 0.033333333 0.066666667 0.066666667 0.066666667 0.066666667 0.133333333 0.066666667 0.066666667 0.033333333 0.033333333 0.066666667 0.033333333 0.066666667 0.133333333 0.066666667 0.033333333
33933 -0.05 2.1125 2.1125 2.125 2.1625 2.175 2.1625 2.15 2.1625 -11.06 -11.12 -11.18 -11.1 -11 -10.92 -10.92 -10.84 0.2 0.2 0.2 0.2 0.2 0.2 0.2 0.2 0.033333333 0.033333333 0.033333333 0.066666667 0.1 0.033333333 0.1 0.066666667 0.066666667 0.033333333 0.066666667 0.033333333 0.1 0.066666667 0.066666667 0.033333333
33934 -0.05 2.35 2.3375 2.35 2.3625 2.3375 2.35 2.3375 2.35 -11.08 -10.94 -11 -11.18 -11.24 -11.26 -11.3 -11.24 0.2 0.2 0.2 0.2 0.2 0.2 0.2 0.2 0.033333333 0.066666667 0.033333333 0.066666667 0.1 0.033333333 0.066666667 0.1 0.066666667 0.033333333 0.033333333 0.066666667 0.1 0.066666667 0.066666667 0.066666667
33935 -0.05 2.2 2.2125 2.2 2.225 2.25 2.225 2.2375 2.25 -11.24 -11.24 -11.04 -11.16 -10.98 -11 -11.08 -11.26 0.2 0.2 0.2 0.2 0.2 0.2 0.2 0.2 0.033333333 0.033333333 0.066666667 0.066666667 0.066666667 0.066666667 0.133333333 0.033333333 0.066666667 0.066666667 0.033333333 0.066666667 0.133333333 0.066666667 0.033333333 0.066666667
33936 -0.05 2.4875 2.5 2.4875 2.5 2.5 2.5 2.5 2.4875 -11.16 -11.2 -11.2 -11.08 -10.94 -10.94 -10.86 -11.12 0.2 0.2 0.2 0.2 0.2 0.2 0.2 0.2 0.033333333 0.033333333 0.033333333 0.066666667 0.1 0.1 0.066666667 0.133333333 0.066666667 0.066666667 0.066666667 0.033333333 0.1 0.066666667 0.066666667 0.133333333
33937 -0.05 2.3375 2.325 2.325 2.325 2.35 2.3375 2.35 2.35 -11.44 -11.52 -11.44 -11.46 -11.6 -11.52 -11.56 -11.76 0.2 0.2 0.2 0.2 0.2 0.2 0.2 0.2 0.033333333 0.033333333 0.033333333 0.066666667 0.133333333 0.066666667 0.066666667 0.066666667 0.066666667 0.033333333 0.066666667 0.066666667 0.1 0.066666667 0.1 0.066666667
33938 -0.05 2.4375 2.45 2.425 2.475 2.4 2.4 2.3875 2.425 -10.6 -10.58 -10.66 -10.72 -10.98 -10.82 -10.7 -10.86 0.2 0.2 0.2 0.2 0.2 0.2 0.2 0.2 0.033333333 0.033333333 0.066666667 0.033333333 0.066666667 0.066666667 0.033333333 0.033333333 0.033333333 0.033333333 0.033333333 0.066666667 0.1 0.066666667 0.133333333 0.066666667
33939 -0.05 2.425 2.4375 2.45 2.475 2.4125 2.4125 2.3875 2.4 -11 -11.02 -11.06 -10.88 -11.26 -11.36 -11.2 -11.1 0.2 0.2 0.2 0.2 0.2 0.2 0.2 0.2 0.033333333 0.033333333 0.033333333 0.033333333 0.066666667 0.066666667 0.066666667 0.066666667 0.066666667 0.066666667 0.033333333 0.1 0.066666667 0.133333333 0.066666667 0.033333333
33940 -0.05 2.5875 2.5875 2.6 2.6125 2.55 2.5625 2.55 2.5375 -12.08 -12.04 -12.1 -12.18 -12.22 -12.14 -12.28 -12.36 0.2 0.2 0.2 0.2 0.2 0.2 0.2 0.15 0.033333333 0.033333333 0.066666667 0.066666667 0.1 0.066666667 0.066666667 0.066666667 0.033333333 0.033333333 0.066666667 0.066666667 0.1 0.033333333 0.066666667 0.066666667
33941 -0.05 2.3 2.3125 2.3125 2.325 2.3625 2.3625 2.3625 2.375 -11.54 -11.44 -11.48 -11.56 -11.32 -11.28 -11.22 -11.24 0.2 0.2 0.2 0.2 0.2 0.2 0.2 0.2 0.033333333 0.066666667 0.033333333 0.033333333 0.066666667 0.066666667 0.133333333 0.066666667 0.066666667 0.066666667 0.033333333 0.1 0.1 0.1 0.066666667 0.066666667
33942 -0.05 2.2875 2.2875 2.2875 2.2875 2.2875 2.2875 2.275 2.275 -10.92 -10.98 -10.94 -10.88 -11.3 -11.22 -11.1 -11.14 0.2 0.2 0.2 0.2 0.2 0.2 0.2 0.2 0.033333333 0.066666667 0.066666667 0.1 0.133333333 0.066666667 0.066666667 0.1 0.066666667 0.066666667 0.066666667 0.033333333 0.1 0.066666667 0.066666667 0.033333333
33943 -0.05 2.2625 2.275 2.2875 2.3 2.325 2.325 2.3375 2.3125 -10.94 -11.04 -10.9 -11.02 -11.04 -11.04 -11.06 -11.02 0.2 0.2 0.2 0.2 0.2 0.2 0.2 0.2 0.033333333 0.066666667 0.066666667 0.033333333 0.066666667 0.133333333 0.066666667 0.033333333 0.066666667 0.066666667 0.033333333 0.033333333 0.1 0.066666667 0.066666667 0.066666667
33944 -0.05 2.3125 2.325 2.3375 2.3625 2.3375 2.3125 2.325 2.325 -11.12 -11 -11.18 -11.24 -11.1 -11.2 -11.32 -11.7 0.2 0.2 0.2 0.2 0.2 0.2 0.2 0.2 0.033333333 0.066666667 0.033333333 0.033333333 0.066666667 0.133333333 0.066666667 0.033333333 0.066666667 0.066666667 0.033333333 0.066666667 0.066666667 0.033333333 0.066666667 0.033333333
33945 0 2.0875 2.125 2.125 2.1375 2.1375 2.125 2.125 2.15 -10.9 -10.96 -11 -11.02 -11.04 -11.22 -11.3 -11.38 0.2 0.2 0.2 0.2 0.2 0.2 0.2 0.2 0.066666667 0.066666667 0.066666667 0.066666667 0.133333333 0.1 0.033333333 0.066666667 0.066666667 0.1 0.033333333 0.066666667 0.033333333 0.1 0.066666667 0.1
33946 -0.05 2.425 2.4125 2.4125 2.425 2.5125 2.5125 2.4875 2.5 -11.34 -11.38 -11.28 -11.52 -11.14 -11.3 -11.36 -11.48 0.2 0.2 0.2 0.2 0.2 0.2 0.2 0.2 0.033333333 0.033333333 0.066666667 0.066666667 0.066666667 0.066666667 0.066666667 0.066666667 0.033333333 0.033333333 0.066666667 0.033333333 0.133333333 0.133333333 0.066666667 0.033333333
33947 -0.05 2.275 2.2625 2.25 2.25 2.2 2.225 2.2125 2.2125 -10.44 -10.58 -10.48 -10.6 -10.68 -10.62 -10.6 -10.86 0.2 0.2 0.2 0.2 0.2 0.2 0.2 0.2 0.033333333 0.033333333 0.033333333 0.066666667 0.1 0.1 0.066666667 0.066666667 0.066666667 0.033333333 0.066666667 0.066666667 0.1 0.133333333 0.033333333 0.1
33948 0 2.4375 2.4375 2.4375 2.4625 2.4625 2.4625 2.4375 2.4 -10.7 -10.74 -10.86 -10.88 -11.22 -11.1 -10.86 -11.08 0.2 0.2 0.2 0.2 0.2 0.2 0.2 0.2 0.066666667 0.066666667 0.066666667 0.066666667 0.1 0.066666667 0.066666667 0.033333333 0.033333333 0.066666667 0.066666667 0.066666667 0.1 0.1 0.066666667 0.133333333
33949 0 2.3625 2.375 2.3625 2.3875 2.3625 2.35 2.375 2.3625 -11.38 -11.32 -11.16 -11.22 -11.24 -11.26 -11.42 -11.48 0.2 0.2 0.2 0.2 0.2 0.2 0.2 0.2 0.033333333 0.033333333 0.033333333 0.066666667 0.133333333 0.1 0.066666667 0.1 0.066666667 0.066666667 0.033333333 0.1 0.1 0.1 0.066666667 0.133333333
33950 -0.05 2.3 2.325 2.3125 2.3125 2.325 2.3125 2.325 2.325 -10.84 -10.96 -10.86 -10.88 -11.08 -11 -11.04 -11.16 0.2 0.2 0.2 0.2 0.2 0.15 0.2 0.2 0.033333333 0.066666667 0.033333333 0.033333333 0.1 0.1 0.066666667 0.133333333 0.066666667 0.066666667 0.1 0.066666667 0.066666667 0.066666667 0.133333333 0.033333333
33951 0 2.275 2.2875 2.2875 2.3 2.2375 2.225 2.2375 2.225 -10.54 -10.4 -9.86 -9.7 -10.36 -10.04 -10.18 -9.8 0.2 0.2 0.2 0.2 0.2 0.2 0.2 0.2 0.033333333 0.066666667 0.033333333 0.033333333 0.133333333 0.066666667 0.1 0.066666667 0.033333333 0.033333333 0.033333333 0.066666667 0.1 0.133333333 0.033333333 0.033333333
33952 -0.05 2.1 2.1125 2.1 2.1125 2.1375 2.125 2.125 2.125 -10.92 -11.06 -11.1 -11.06 -11.06 -11.18 -11.52 -11.24 0.2 0.2 0.2 0.2 0.2 0.2 0.2 0.2 0.033333333 0.066666667 0.033333333 0.066666667 0.066666667 0.133333333 0.066666667 0.1 0.066666667 0.066666667 0.066666667 0.033333333 0.133333333 0.1 0.1 0.033333333
33953 -0.05 2.475 2.525 2.475 2.5 2.4375 2.45 2.4625 2.5 -11.2 -11.26 -11.26 -11.26 -11.24 -11.24 -11.18 -11.36 0.2 0.2 0.2 0.2 0.2 0.2 0.2 0.2 0.033333333 0.066666667 0.066666667 0.033333333 0.133333333 0.066666667 0.033333333 0.033333333 0.033333333 0.033333333 0.033333333 0.066666667 0.133333333 0.066666667 0.066666667 0.033333333
33954 0 2.4875 2.5 2.475 2.475 2.45 2.4625 2.45 2.45 -12.04 -12.02 -11.7 -11.42 -12.46 -12.48 -13.06 -12.86 0.2 0.2 0.2 0.2 0.2 0.2 0.2 0.2 0.033333333 0.033333333 0.066666667 0.066666667 0.066666667 0.066666667 0.1 0.033333333 0.066666667 0.033333333 0.033333333 0.1 0.1 0.1 0.066666667 0.066666667
33955 -0.05 2.4625 2.45 2.4625 2.5 2.475 2.475 2.4625 2.475 -10.88 -10.82 -10.82 -10.78 -10.8 -10.92 -10.9 -10.94 0.2 0.2 0.2 0.2 0.2 0.2 0.2 0.2 0.033333333 0.066666667 0.066666667 0.033333333 0.1 0.066666667 0.133333333 0.033333333 0.033333333 0.033333333 0.033333333 0.033333333 0.133333333 0.066666667 0.066666667 0.066666667
33956 0 2.575 2.55 2.5625 2.5875 2.5375 2.5125 2.5375 2.5625 -11.12 -11.08 -11.2 -11.3 -11.34 -11.3 -11.28 -11.26 0.2 0.15 0.2 0.2 0.2 0.2 0.2 0.2 0.033333333 0.066666667 0.066666667 0.066666667 0.133333333 0.066666667 0.033333333 0.033333333 0.066666667 0.033333333 0.033333333 0.066666667 0.133333333 0.033333333 0.066666667 0.066666667
33957 -0.05 2.425 2.425 2.4625 2.475 2.45 2.4625 2.45 2.4375 -10.7 -10.7 -10.56 -10.68 -10.74 -10.76 -10.62 -10.84 0.2 0.2 0.2 0.2 0.2 0.2 0.2 0.2 0.033333333 0.066666667 0.066666667 0.033333333 0.066666667 0.133333333 0.066666667 0.066666667 0.033333333 0.1 0.033333333 0.066666667 0.1 0.066666667 0.133333333 0.066666667
33958 -0.05 2.525 2.525 2.5 2.525 2.525 2.55 2.5125 2.55 -11.08 -11.12 -11.24 -11.38 -11.42 -11.4 -11.4 -11.3 0.2 0.2 0.2 0.2 0.2 0.2 0.2 0.2 0.033333333 0.066666667 0.033333333 0.066666667 0.033333333 0.033333333 0.066666667 0.066666667 0.033333333 0.066666667 0.066666667 0.066666667 0.066666667 0.066666667 0.066666667 0.133333333
33959 -0.05 2.45 2.4375 2.45 2.4625 2.45 2.45 2.425 2.4625 -10.96 -11.1 -11.02 -10.9 -11.08 -10.92 -10.96 -11.06 0.2 0.2 0.2 0.2 0.2 0.2 0.2 0.2 0.033333333 0.033333333 0.033333333 0.033333333 0.1 0.066666667 0.133333333 0.133333333 0.033333333 0.066666667 0.033333333 0.066666667 0.066666667 0.066666667 0.133333333 0.066666667
33960 -0.05 2.3875 2.3875 2.3875 2.425 2.425 2.425 2.4 2.4125 -10.5 -10.42 -10.4 -10.38 -10.6 -10.64 -10.56 -10.54 0.2 0.2 0.2 0.2 0.2 0.2 0.2 0.2 0.033333333 0.066666667 0.066666667 0.066666667 0.1 0.066666667 0.066666667 0.033333333 0.033333333 0.033333333 0.033333333 0.066666667 0.1 0.033333333 0.066666667 0.066666667
33961 -0.05 2.5 2.5125 2.5375 2.6 2.5375 2.5375 2.5625 2.5375 -11.7 -11.7 -11.68 -11.72 -11.9 -11.82 -11.84 -11.84 0.2 0.2 0.2 0.2 0.15 0.2 0.2 0.2 0.033333333 0.033333333 0.066666667 0.066666667 0.033333333 0.1 0.1 0.066666667 0.033333333 0.066666667 0.033333333 0.066666667 0.066666667 0.066666667 0.133333333 0.066666667
33962 -0.05 2.175 2.175 2.175 2.1625 2.225 2.25 2.2125 2.2125 -10.94 -11.02 -10.96 -11.02 -10.98 -11.04 -10.96 -10.98 0.2 0.2 0.2 0.2 0.2 0.15 0.15 0.2 0.033333333 0.066666667 0.066666667 0.066666667 0.1 0.066666667 0.066666667 0.066666667 0.066666667 0.033333333 0.066666667 0.066666667 0.066666667 0.033333333 0.1 0.066666667
33963 -0.05 2.4625 2.45 2.4375 2.45 2.45 2.425 2.425 2.4375 -10.56 -10.62 -10.7 -10.76 -10.6 -10.5 -10.52 -10.48 0.2 0.2 0.2 0.2 0.2 0.2 0.2 0.2 0.033333333 0.033333333 0.066666667 0.033333333 0.133333333 0.033333333 0.066666667 0.066666667 0.033333333 0.066666667 0.066666667 0.033333333 0.066666667 0.066666667 0.066666667 0.133333333
33964 0 2.225 2.25 2.25 2.2625 2.275 2.275 2.275 2.275 -10.9 -11.16 -11.28 -11.08 -10.86 -10.76 -10.88 -10.88 0.2 0.2 0.2 0.2 0.2 0.2 0.2 0.2 0.033333333 0.033333333 0.033333333 0.033333333 0.033333333 0.1 0.066666667 0.066666667 0.033333333 0.066666667 0.066666667 0.1 0.066666667 0.066666667 0.133333333 0.133333333
33965 0 2.575 2.575 2.5625 2.55 2.5375 2.5375 2.55 2.55 -11.14 -11.14 -11.16 -11.3 -11.06 -11.18 -11.14 -11.14 0.2 0.2 0.2 0.2 0.2 0.2 0.2 0.2 0.033333333 0.066666667 0.066666667 0.066666667 0.1 0.033333333 0.066666667 0.066666667 0.033333333 0.066666667 0.033333333 0.1 0.1 0.066666667 0.066666667 0.133333333
33966 -0.05 2.5625 2.5625 2.5375 2.525 2.5375 2.55 2.4875 2.5375 -11.14 -11.24 -11.12 -11.24 -11.26 -11.2 -11.2 -11.2 0.2 0.2 0.2 0.2 0.2 0.2 0.2 0.2 0.033333333 0.066666667 0.033333333 0.066666667 0.033333333 0.1 0.066666667 0.066666667 0.066666667 0.066666667 0.066666667 0.033333333 0.1 0.066666667 0.066666667 0.033333333
33967 0 2.1 2.1125 2.125 2.125 2.125 2.1125 2.1125 2.125 -11.4 -11.2 -10.94 -10.92 -11.16 -11.42 -11.48 -11.44 0.2 0.2 0.2 0.2 0.2 0.2 0.2 0.2 0.033333333 0.066666667 0.033333333 0.033333333 0.066666667 0.066666667 0.066666667 0.133333333 0.033333333 0.033333333 0.066666667 0.033333333 0.1 0.033333333 0.033333333 0.066666667
33968 0 2.1125 2.1125 2.125 2.125 2.1125 2.1125 2.1 2.15 -11.24 -11.2 -11 -10.92 -11.14 -10.98 -11.18 -11.24 0.2 0.2 0.2 0.2 0.2 0.2 0.2 0.2 0.033333333 0.033333333 0.066666667 0.033333333 0.066666667 0.133333333 0.066666667 0.1 0.033333333 0.066666667 0.033333333 0.066666667 0.033333333 0.066666667 0.066666667 0.066666667
33969 -0.05 2.1375 2.15 2.15 2.1625 2.1875 2.175 2.1875 2.175 -10.88 -10.98 -11.12 -10.86 -10.96 -10.9 -11.04 -11.32 0.2 0.2 0.2 0.2 0.2 0.2 0.2 0.2 0.033333333 0.033333333 0.033333333 0.033333333 0.1 0.066666667 0.066666667 0.066666667 0.033333333 0.066666667 0.066666667 0.1 0.066666667 0.133333333 0.033333333 0.133333333
33970 -0.05 2.2125 2.225 2.225 2.2375 2.2375 2.2125 2.225 2.2125 -11.4 -11.18 -11.36 -11.22 -10.9 -10.9 -11.1 -11.02 0.2 0.2 0.2 0.2 0.2 0.2 0.2 0.2 0.033333333 0.033333333 0.033333333 0.033333333 0.066666667 0.133333333 0.033333333 0.033333333 0.033333333 0.066666667 0.066666667 0.033333333 0.066666667 0.033333333 0.033333333 0.033333333
33971 -0.05 2.425 2.4125 2.425 2.4625 2.45 2.4625 2.425 2.4375 -10.96 -11.02 -10.92 -10.9 -10.98 -10.92 -10.9 -11.12 0.2 0.2 0.2 0.2 0.2 0.2 0.2 0.2 0.033333333 0.033333333 0.033333333 0.066666667 0.066666667 0.066666667 0.033333333 0.033333333 0.066666667 0.066666667 0.066666667 0.033333333 0.133333333 0.133333333 0.033333333 0.1
33972 -0.05 2.725 2.7375 2.7 2.75 2.675 2.6875 2.6375 2.6875 -11.4 -11.44 -11.28 -11.3 -11.4 -11.22 -11.28 -11.26 0.2 0.2 0.2 0.2 0.2 0.2 0.2 0.2 0.033333333 0.066666667 0.033333333 0.033333333 0.133333333 0.066666667 0.066666667 0.066666667 0.033333333 0.033333333 0.066666667 0.033333333 0.1 0.066666667 0.066666667 0.066666667
33973 0 2.5125 2.525 2.5625 2.55 2.575 2.5875 2.5875 2.6 -11.36 -11.34 -11.46 -11.44 -11.42 -11.62 -11.62 -11.74 0.2 0.2 0.2 0.2 0.2 0.2 0.2 0.2 0.033333333 0.066666667 0.066666667 0.033333333 0.066666667 0.133333333 0.066666667 0.1 0.033333333 0.033333333 0.066666667 0.033333333 0.133333333 0.033333333 0.066666667 0.1
33974 -0.05 2.4625 2.5 2.4625 2.475 2.475 2.475 2.4625 2.4625 -10.9 -10.96 -10.9 -11.18 -11.02 -11.1 -11.08 -11 0.2 0.2 0.2 0.2 0.2 0.2 0.2 0.2 0.033333333 0.066666667 0.066666667 0.066666667 0.1 0.033333333 0.066666667 0.1 0.066666667 0.033333333 0.066666667 0.066666667 0.066666667 0.1 0.033333333 0.033333333
33975 -0.05 2.45 2.4625 2.45 2.4875 2.5375 2.525 2.5125 2.5375 -11.36 -11.56 -11.46 -11.58 -11.74 -11.76 -11.74 -11.68 0.2 0.2 0.2 0.2 0.2 0.2 0.2 0.2 0.033333333 0.066666667 0.066666667 0.066666667 0.066666667 0.133333333 0.066666667 0.033333333 0.066666667 0.033333333 0.066666667 0.033333333 0.133333333 0.1 0.1 0.033333333
33976 0 2.575 2.5875 2.5875 2.6 2.575 2.5625 2.575 2.575 -12.56 -12.5 -12.48 -12.46 -12.42 -12.44 -12.46 -12.58 0.2 0.2 0.2 0.2 0.2 0.2 0.2 0.2 0.033333333 0.066666667 0.066666667 0.066666667 0.1 0.1 0.066666667 0.066666667 0.066666667 0.033333333 0.066666667 0.066666667 0.066666667 0.066666667 0.033333333 0.133333333
33977 -0.05 2.1375 2.15 2.1375 2.175 2.1875 2.175 2.175 2.1625 -10.98 -11 -11.18 -11.14 -11.36 -11.22 -11.28 -11.16 0.2 0.2 0.2 0.2 0.2 0.2 0.2 0.2 0.033333333 0.066666667 0.066666667 0.066666667 0.133333333 0.033333333 0.066666667 0.066666667 0.066666667 0.033333333 0.066666667 0.033333333 0.1 0.1 0.1 0.066666667
33978 0 2.475 2.475 2.4625 2.475 2.45 2.45 2.4625 2.4625 -11.14 -11.24 -11.2 -11.22 -11.3 -11.34 -11.36 -11.32 0.2 0.2 0.2 0.2 0.2 0.2 0.2 0.2 0.033333333 0.066666667 0.066666667 0.033333333 0.1 0.066666667 0.066666667 0.066666667 0.033333333 0.066666667 0.033333333 0.033333333 0.066666667 0.066666667 0.066666667 0.066666667
33979 -0.05 2.4125 2.425 2.4 2.4125 2.375 2.3625 2.3875 2.4125 -11.04 -11.12 -11.14 -11.16 -11.24 -11.28 -11.16 -11.34 0.2 0.2 0.2 0.2 0.2 0.2 0.2 0.2 0.033333333 0.033333333 0.066666667 0.033333333 0.1 0.066666667 0.066666667 0.066666667 0.033333333 0.066666667 0.033333333 0.033333333 0.066666667 0.033333333 0.066666667 0.033333333
33980 -0.05 2.0875 2.075 2.0875 2.1125 2.125 2.1375 2.125 2.1125 -10.8 -10.96 -10.94 -10.98 -11.34 -11.42 -11.38 -11.22 0.2 0.2 0.2 0.2 0.2 0.2 0.2 0.2 0.033333333 0.033333333 0.066666667 0.033333333 0.1 0.066666667 0.066666667 0.066666667 0.033333333 0.033333333 0.066666667 0.033333333 0.066666667 0.133333333 0.133333333 0.133333333
33981 -0.05 2.125 2.125 2.125 2.1375 2.1375 2.125 2.125 2.125 -10.98 -10.9 -11.02 -10.86 -11.3 -11.08 -11.06 -11.26 0.2 0.2 0.2 0.2 0.2 0.2 0.2 0.2 0.033333333 0.066666667 0.066666667 0.066666667 0.033333333 0.033333333 0.1 0.066666667 0.033333333 0.033333333 0.033333333 0.066666667 0.1 0.066666667 0.066666667 0.033333333
33982 0 2.4625 2.475 2.4625 2.475 2.45 2.45 2.45 2.45 -10.88 -11.04 -10.86 -10.88 -10.58 -10.64 -10.68 -10.88 0.2 0.2 0.2 0.2 0.2 0.2 0.2 0.2 0.033333333 0.033333333 0.033333333 0.033333333 0.1 0.1 0.066666667 0.066666667 0.066666667 0.033333333 0.033333333 0.066666667 0.066666667 0.066666667 0.033333333 0.066666667
33983 -0.05 2.1 2.125 2.1125 2.1375 2.15 2.15 2.1375 2.1375 -11.06 -11.16 -11.16 -11.04 -11.12 -11.12 -11.32 -11.34 0.2 0.2 0.2 0.2 0.2 0.2 0.2 0.2 0.033333333 0.066666667 0.066666667 0.033333333 0.1 0.066666667 0.066666667 0.133333333 0.033333333 0.066666667 0.066666667 0.033333333 0.066666667 0.133333333 0.133333333 0.033333333
33984 -0.05 2.5125 2.4875 2.575 2.625 2.575 2.625 2.5125 2.55 -11.72 -11.7 -11.74 -11.8 -11.74 -11.84 -11.78 -11.78 0.2 0.2 0.2 0.2 0.2 0.2 0.2 0.2 0.033333333 0.066666667 0.066666667 0.033333333 0.1 0.066666667 0.066666667 0.066666667 0.033333333 0.033333333 0.066666667 0.066666667 0.1 0.066666667 0.133333333 0.133333333
33985 0 2.125 2.1375 2.15 2.15 2.2 2.2 2.2 2.1875 -10.94 -11.08 -11.2 -11.32 -11.24 -10.96 -10.38 -11.14 0.2 0.2 0.2 0.2 0.2 0.2 0.2 0.2 0.033333333 0.066666667 0.066666667 0.066666667 0.1 0.066666667 0.066666667 0.133333333 0.066666667 0.066666667 0.033333333 0.066666667 0.066666667 0.066666667 0.133333333 0.133333333
33986 0 2.6125 2.6 2.625 2.6375 2.5375 2.525 2.525 2.5375 -11.56 -11.7 -11.62 -11.64 -11.7 -11.76 -11.84 -11.88 0.2 0.2 0.2 0.2 0.2 0.2 0.2 0.2 0.033333333 0.066666667 0.033333333 0.066666667 0.066666667 0.066666667 0.033333333 0.033333333 0.033333333 0.033333333 0.033333333 0.066666667 0.066666667 0.133333333 0.066666667 0.033333333
33987 0 2.525 2.525 2.5 2.525 2.5375 2.5125 2.5 2.5125 -12.64 -12.46 -12.38 -12.12 -12.24 -12.38 -12.74 -12.7 0.2 0.2 0.2 0.2 0.2 0.2 0.2 0.2 0.033333333 0.033333333 0.033333333 0.066666667 0.1 0.066666667 0.033333333 0.033333333 0.033333333 0.033333333 0.066666667 0.033333333 0.066666667 0.033333333 0.033333333 0.066666667
33988 -0.05 2.5875 2.6375 2.5875 2.65 2.6125 2.5625 2.5375 2.6 -11.64 -11.76 -11.76 -11.88 -11.92 -11.64 -11.86 -11.8 0.2 0.2 0.2 0.2 0.2 0.2 0.2 0.2 0.033333333 0.033333333 0.066666667 0.066666667 0.1 0.066666667 0.066666667 0.133333333 0.033333333 0.033333333 0.066666667 0.033333333 0.066666667 0.066666667 0.066666667 0.066666667
33989 0 2.6 2.5875 2.5875 2.6 2.55 2.55 2.55 2.55 -12.24 -12.3 -12.34 -12.42 -12.36 -12.42 -12.38 -12.48 0.2 0.2 0.2 0.2 0.2 0.2 0.2 0.2 0.033333333 0.033333333 0.033333333 0.066666667 0.133333333 0.066666667 0.033333333 0.066666667 0.066666667 0.033333333 0.066666667 0.033333333 0.133333333 0.066666667 0.033333333 0.066666667
33990 0 2.675 2.7 2.6875 2.675 2.6125 2.6 2.65 2.65 -11.32 -11.46 -11.44 -11.46 -11.4 -11.3 -11.34 -11.44 0.2 0.2 0.2 0.2 0.2 0.2 0.2 0.2 0.033333333 0.033333333 0.033333333 0.033333333 0.066666667 0.033333333 0.033333333 0.066666667 0.066666667 0.033333333 0.066666667 0.033333333 0.1 0.066666667 0.033333333 0.066666667
33991 -0.05 2.325 2.3375 2.35 2.35 2.325 2.3375 2.325 2.3125 -11.26 -11.28 -11.44 -11.44 -11.28 -11.28 -11.42 -11.62 0.2 0.2 0.2 0.2 0.2 0.2 0.2 0.2 0.033333333 0.033333333 0.033333333 0.066666667 0.066666667 0.033333333 0.066666667 0.033333333 0.066666667 0.066666667 0.033333333 0 0.033333333 0.066666667 0.033333333 0.066666667
33992 -0.05 2.175 2.1875 2.1625 2.2 2.2375 2.225 2.2375 2.2125 -11.12 -10.96 -10.94 -11.04 -11.06 -11 -11 -10.84 0.2 0.2 0.2 0.2 0.2 0.2 0.2 0.2 0.033333333 0.066666667 0.066666667 0.033333333 0.066666667 0.066666667 0 0.133333333 0.066666667 0.033333333 0.066666667 0.066666667 0.033333333 0.033333333 0.1 0.066666667
33993 0 2.125 2.1125 2.1125 2.1375 2.1375 2.125 2.1375 2.125 -11.24 -11.26 -11.26 -11.04 -11.28 -11.22 -11.2 -11.3 0.2 0.2 0.2 0.15 0.2 0.2 0.2 0.2 0.033333333 0.033333333 0.033333333 0.033333333 0.133333333 0.066666667 0.033333333 0.033333333 0.033333333 0.033333333 0.033333333 0.066666667 0.033333333 0.066666667 0.033333333 0.066666667
33994 -0.05 2.15 2.15 2.15 2.1875 2.2125 2.2 2.2 2.2125 -11.32 -11.6 -11.4 -10.98 -11.1 -10.98 -11.14 -11.4 0.2 0.2 0.2 0.2 0.2 0.2 0.2 0.2 0.033333333 0.033333333 0.033333333 0.066666667 0.1 0.066666667 0.066666667 0.066666667 0.066666667 0.033333333 0.066666667 0 0.1 0.1 0.066666667 0.066666667
33995 -0.05 2.4125 2.45 2.425 2.4375 2.425 2.425 2.425 2.4125 -10.52 -10.64 -10.78 -10.6 -10.72 -10.62 -10.54 -10.78 0.2 0.2 0.2 0.2 0.2 0.2 0.2 0.2 0.033333333 0.066666667 0.066666667 0.033333333 0.1 0.066666667 0.066666667 0.033333333 0.033333333 0.066666667 0.033333333 0.066666667 0.066666667 0.033333333 0.066666667 0.066666667
33996 -0.05 2.35 2.375 2.375 2.4125 2.3875 2.3625 2.3375 2.325 -10.92 -10.96 -10.84 -10.78 -10.8 -10.56 -10.66 -10.82 0.2 0.2 0.2 0.2 0.2 0.2 0.2 0.2 0.033333333 0.033333333 0.066666667 0.066666667 0.066666667 0.133333333 0.033333333 0.033333333 0.033333333 0.066666667 0.066666667 0.033333333 0.033333333 0.033333333 0.033333333 0.033333333
33997 -0.05 2.3875 2.3875 2.375 2.375 2.375 2.3625 2.3375 2.35 -11 -10.96 -10.9 -10.76 -10.7 -10.68 -10.74 -10.8 0.2 0.2 0.2 0.2 0.2 0.2 0.2 0.2 0.033333333 0.033333333 0.066666667 0.033333333 0.133333333 0.133333333 0.033333333 0.066666667 0.033333333 0.033333333 0.066666667 0 0.1 0.033333333 0.033333333 0.066666667
33998 -0.05 2.2625 2.25 2.2375 2.25 2.325 2.35 2.3125 2.3375 -11.4 -11.4 -11.62 -11.56 -11.64 -11.6 -11.44 -11.74 0.2 0.2 0.2 0.2 0.2 0.2 0.2 0.2 0.033333333 0.066666667 0.033333333 0.033333333 0.1 0.066666667 0.033333333 0.033333333 0.033333333 0.033333333 0.066666667 0.1 0.1 0.066666667 0.066666667 0.066666667
33999 0 2.55 2.55 2.575 2.5875 2.55 2.575 2.5625 2.5125 -11.76 -11.76 -11.64 -11.52 -11.82 -11.78 -11.8 -11.74 0.2 0.2 0.2 0.2 0.2 0.2 0.2 0.2 0.033333333 0.033333333 0.033333333 0.066666667 0.066666667 0.066666667 0.066666667 0 0.033333333 0.066666667 0.066666667 0.033333333 0.066666667 0.133333333 0.033333333 0.066666667
339100 -0.05 2.525 2.55 2.575 2.5875 2.55 2.5625 2.5625 2.575 -11.82 -11.84 -11.96 -11.96 -12.1 -12 -12.12 -12.12 0.2 0.2 0.2 0.2 0.2 0.2 0.2 0.2 0.033333333 0.066666667 0.033333333 0.066666667 0.066666667 0.066666667 0.033333333 0.033333333 0.066666667 0.066666667 0.066666667 0.066666667 0.066666667 0.133333333 0 0.133333333
339101 0 2.2125 2.2375 2.25 2.275 2.2875 2.2625 2.275 2.275 -11.56 -11.42 -11.46 -11.3 -11.36 -11.42 -11.34 -11.4 0.2 0.2 0.2 0.2 0.2 0.2 0.2 0.2 0.033333333 0.066666667 0.033333333 0.033333333 0.066666667 0.066666667 0.033333333 0.033333333 0.066666667 0.033333333 0.066666667 0.033333333 0.066666667 0.066666667 0.033333333 0.066666667
339102 0 2.1 2.1 2.0875 2.1125 2.1125 2.125 2.1 2.1125 -10.96 -10.9 -10.68 -10.82 -10.96 -10.82 -10.88 -10.98 0.2 0.2 0.2 0.2 0.2 0.2 0.2 0.2 0.033333333 0.066666667 0.066666667 0.033333333 0.066666667 0.133333333 0.133333333 0.033333333 0.066666667 0.066666667 0.066666667 0.033333333 0.1 0.066666667 0.066666667 0.133333333
339103 0 2.5 2.5 2.5 2.525 2.5 2.5 2.475 2.5125 -11.04 -11.02 -11.32 -11.16 -11.3 -11.16 -11.2 -11.18 0.2 0.2 0.2 0.2 0.2 0.2 0.2 0.2 0.033333333 0.033333333 0.033333333 0.033333333 0.066666667 0.066666667 0.133333333 0.033333333 0.066666667 0.1 0.033333333 0.066666667 0.066666667 0.066666667 0.033333333 0.033333333
339104 -0.05 2.125 2.125 2.1125 2.15 2.175 2.175 2.175 2.1625 -11.22 -11.14 -11.12 -11.1 -11 -10.84 -11 -11 0.2 0.2 0.2 0.2 0.2 0.2 0.2 0.2 0.033333333 0.066666667 0.033333333 0.033333333 0.066666667 0.033333333 0.033333333 0.066666667 0.066666667 0.033333333 0.033333333 0.066666667 0.066666667 0.133333333 0.033333333 0.033333333
339105 -0.05 2.4375 2.45 2.4375 2.5 2.5 2.475 2.45 2.45 -11 -11.14 -11.32 -10.96 -11.06 -11 -11 -11.26 0.2 0.2 0.2 0.2 0.2 0.2 0.2 0.2 0.033333333 0.066666667 0.066666667 0.066666667 0.1 0.066666667 0.066666667 0.066666667 0.033333333 0.033333333 0.033333333 0.033333333 0.1 0.1 0.066666667 0.033333333
339106 -0.05 2.5 2.5125 2.525 2.55 2.5125 2.5125 2.5125 2.5125 -12.72 -12.64 -12.74 -12.8 -12.7 -12.62 -12.82 -12.78 0.2 0.2 0.2 0.2 0.2 0.2 0.2 0.2 0.033333333 0.033333333 0.066666667 0.066666667 0.066666667 0.066666667 0.133333333 0.033333333 0.033333333 0.033333333 0.033333333 0.033333333 0.066666667 0.133333333 0.066666667 0.066666667
339107 -0.05 2.575 2.5875 2.5875 2.6 2.625 2.625 2.625 2.6375 -11.5 -11.56 -11.5 -11.66 -11.66 -11.52 -11.72 -11.62 0.2 0.2 0.2 0.2 0.2 0.2 0.2 0.2 0.033333333 0.033333333 0.033333333 0.033333333 0.133333333 0.133333333 0.066666667 0.033333333 0.033333333 0.033333333 0.033333333 0.033333333 0.133333333 0.1 0.066666667 0.066666667
339108 -0.05 2.5 2.5125 2.5375 2.5375 2.5125 2.525 2.525 2.5125 -10.96 -11.04 -10.98 -11.12 -11.22 -11.2 -11.18 -11.34 0.2 0.2 0.2 0.2 0.2 0.2 0.2 0.2 0.033333333 0.033333333 0.033333333 0.033333333 0.066666667 0.133333333 0.033333333 0.066666667 0.066666667 0.033333333 0.066666667 0.066666667 0.133333333 0.066666667 0.066666667 0.066666667
339109 -0.05 2.4 2.4 2.4 2.425 2.3875 2.3875 2.3875 2.4 -10.64 -10.68 -10.7 -10.82 -10.98 -10.9 -11.04 -11.12 0.2 0.2 0.2 0.2 0.2 0.2 0.2 0.2 0.033333333 0.033333333 0.066666667 0.033333333 0.066666667 0.133333333 0.033333333 0.066666667 0.066666667 0.033333333 0.066666667 0.066666667 0.1 0.1 0.1 0.066666667
339110 0 2.5125 2.5125 2.4625 2.5125 2.4625 2.4625 2.475 2.525 -11.64 -11.7 -11.84 -11.74 -11.72 -11.78 -11.82 -11.9 0.2 0.2 0.2 0.2 0.2 0.2 0.2 0.2 0.033333333 0.033333333 0.033333333 0.066666667 0.1 0.1 0.066666667 0.066666667 0.066666667 0.033333333 0.033333333 0.066666667 0.066666667 0.066666667 0.066666667 0.133333333
339111 0 2.3125 2.325 2.3 2.325 2.3125 2.3125 2.3 2.3 -11.16 -11.22 -11.46 -11.36 -11.46 -11.48 -11.58 -11.58 0.2 0.2 0.2 0.2 0.2 0.2 0.2 0.2 0.033333333 0.033333333 0.033333333 0.066666667 0.1 0.066666667 0.066666667 0.066666667 0.033333333 0.033333333 0.066666667 0.066666667 0.066666667 0.066666667 0.066666667 0.066666667
339112 -0.05 2.3125 2.3 2.3125 2.3125 2.3 2.3125 2.3 2.275 -10.54 -10.68 -10.58 -10.52 -10.46 -10.56 -10.66 -10.72 0.2 0.2 0.2 0.2 0.2 0.2 0.2 0.2 0.033333333 0.033333333 0.033333333 0.033333333 0.133333333 0.133333333 0.033333333 0.066666667 0.066666667 0.066666667 0.033333333 0.033333333 0.133333333 0.133333333 0.033333333 0.033333333
339113 -0.05 2.3125 2.3125 2.3125 2.3 2.2875 2.275 2.2625 2.2625 -10.38 -10.2 -10.32 -10.38 -10.32 -10.3 -10.5 -10.5 0.2 0.2 0.2 0.2 0.2 0.2 0.2 0.2 0.033333333 0.033333333 0.033333333 0.1 0.1 0.066666667 0.066666667 0.066666667 0.066666667 0.033333333 0.033333333 0.033333333 0.1 0.1 0.066666667 0.133333333
339114 0 2.1625 2.1625 2.1625 2.175 2.2125 2.2125 2.1875 2.2125 -11.34 -11.14 -11.16 -11.28 -11.26 -11.24 -11.3 -11.38 0.2 0.2 0.2 0.2 0.2 0.2 0.2 0.2 0.033333333 0.066666667 0.066666667 0.066666667 0.1 0.066666667 0.033333333 0.033333333 0.066666667 0.066666667 0.033333333 0.033333333 0.1 0.1 0.066666667 0.066666667
339115 -0.05 2.5375 2.55 2.575 2.6375 2.5875 2.5625 2.5375 2.5625 -11.96 -12.08 -12.04 -12.1 -11.94 -11.9 -12.04 -12.1 0.2 0.2 0.2 0.2 0.2 0.2 0.2 0.2 0.033333333 0.066666667 0.033333333 0.033333333 0.133333333 0.033333333 0.033333333 0.066666667 0.033333333 0.066666667 0.066666667 0.066666667 0.1 0.033333333 0.1 0.066666667
339116 -0.05 2.1125 2.125 2.125 2.1375 2.1125 2.125 2.125 2.125 -11.34 -11.32 -11.3 -11.26 -11.38 -11.36 -11.36 -11.5 0.2 0.2 0.2 0.2 0.2 0.2 0.2 0.2 0.033333333 0.033333333 0.033333333 0.033333333 0.1 0.033333333 0.1 0.066666667 0.033333333 0.066666667 0.033333333 0.1 0.1 0.1 0.066666667 0.066666667
339117 -0.05 2.225 2.225 2.225 2.225 2.2625 2.275 2.275 2.2875 -11.36 -11.4 -11.32 -11.3 -11.22 -11.58 -11.54 -11.52 0.2 0.2 0.2 0.15 0.2 0.2 0.2 0.2 0.033333333 0.033333333 0.066666667 0.033333333 0.133333333 0.066666667 0.066666667 0.066666667 0.066666667 0.033333333 0.066666667 0.033333333 0.066666667 0.066666667 0.066666667 0.133333333
339118 -0.05 2.3125 2.3375 2.35 2.375 2.35 2.3375 2.3125 2.2875 -10.92 -10.94 -10.92 -10.8 -10.64 -10.66 -10.9 -10.86 0.2 0.2 0.2 0.2 0.2 0.2 0.2 0.2 0.033333333 0.066666667 0.033333333 0.066666667 0.066666667 0.066666667 0.033333333 0.033333333 0.066666667 0.066666667 0.033333333 0.033333333 0.133333333 0.033333333 0.033333333 0.033333333
339119 -0.05 2.625 2.65 2.6375 2.6625 2.6875 2.65 2.675 2.6625 -11.82 -11.68 -11.84 -11.92 -11.88 -11.92 -11.66 -11.92 0.15 0.2 0.2 0.2 0.2 0.2 0.2 0.2 0.1 0.1 0.066666667 0.066666667 0.133333333 0.1 0.1 0.066666667 0.066666667 0.1 0.1 0.1 0.1 0.1 0.066666667 0.1
339120 -0.05 2.6125 2.6125 2.6125 2.6375 2.6625 2.6625 2.625 2.65 -12.46 -12.64 -12.8 -12.78 -12.66 -12.78 -12.78 -12.66 0.2 0.2 0.2 0.2 0.2 0.2 0.2 0.2 0.1 0.1 0.1 0.066666667 0.133333333 0.133333333 0.1 0.1 0.1 0.066666667 0.066666667 0.1 0.166666667 0.1 0.1 0.1
4245 -0.05 3.225 3.25 3.225 3.2625 3.2375 3.25 3.2625 3.2875 -14.46 -14.4 -14.22 -14.26 -14.54 -14.34 -14.32 -14.22 0.2 0.25 0.25 0.2 0.2 0.25 0.25 0.2 0.066666667 0.066666667 0.1 0.066666667 0.133333333 0.133333333 0.1 0.1 0.066666667 0.066666667 0.1 0.066666667 0.1 0.066666667 0.066666667 0.066666667
4246 -0.05 3.0875 3.1625 3.2 3.2 3.2 3.2 3.225 3.225 -14.1 -14.24 -14.28 -14.48 -14.22 -14.32 -14.28 -14.32 0.25 0.25 0.2 0.2 0.25 0.25 0.25 0.2 0.033333333 0.066666667 0.033333333 0.033333333 0.1 0.1 0.066666667 0.133333333 0.066666667 0.066666667 0.033333333 0.033333333 0.1 0.066666667 0.133333333 0.133333333
4247 -0.05 3.2 3.2125 3.2375 3.2625 3.3 3.325 3.2875 3.275 -13.98 -14.24 -14.14 -14.12 -14.3 -14.4 -14.48 -14.46 0.25 0.2 0.2 0.25 0.25 0.25 0.25 0.2 0.066666667 0.066666667 0.1 0.033333333 0.133333333 0.133333333 0.133333333 0.066666667 0.1 0.066666667 0.1 0.066666667 0.133333333 0.066666667 0.066666667 0.066666667
4248 0 3.225 3.225 3.2125 3.25 3.2375 3.225 3.25 3.25 -13.96 -13.9 -14.06 -14.1 -14.22 -14.14 -14.16 -13.98 0.25 0.25 0.2 0.25 0.2 0.25 0.25 0.25 0.066666667 0.066666667 0.066666667 0.133333333 0.1 0.1 0.1 0.066666667 0.066666667 0.066666667 0.1 0.133333333 0.1 0.133333333 0.066666667 0.133333333
4249 0 3.1875 3.2125 3.2625 3.275 3.3125 3.325 3.3125 3.2875 -14.22 -14.4 -14.26 -14.4 -14.4 -14.18 -14.38 -14.34 0.2 0.2 0.2 0.2 0.2 0.25 0.2 0.25 0.066666667 0.066666667 0.066666667 0.066666667 0.1 0.133333333 0.133333333 0.033333333 0.066666667 0.066666667 0.066666667 0.066666667 0.133333333 0.133333333 0.133333333 0.066666667
42410 0 3.2 3.2 3.1875 3.2125 3.2125 3.2 3.2375 3.2375 -13.56 -13.76 -13.62 -13.76 -13.68 -13.62 -13.5 -13.6 0.25 0.25 0.25 0.2 0.2 0.25 0.25 0.25 0.066666667 0.1 0.1 0.133333333 0.1 0.066666667 0.133333333 0.133333333 0.066666667 0.066666667 0.1 0.066666667 0.133333333 0.133333333 0.133333333 0.066666667
42411 -0.05 3.275 3.275 3.275 3.3125 3.2625 3.275 3.2875 3.2875 -14.1 -14.2 -14.06 -14.04 -14.12 -14.06 -14.22 -14 0.2 0.25 0.25 0.25 0.25 0.25 0.25 0.25 0.066666667 0.1 0.066666667 0.066666667 0.1 0.066666667 0.066666667 0.133333333 0.066666667 0.1 0.066666667 0.066666667 0.066666667 0.133333333 0.133333333 0.033333333
42412 -0.05 3.225 3.225 3.225 3.2625 3.25 3.2375 3.2375 3.2625 -13.86 -13.84 -13.82 -13.86 -13.8 -13.8 -13.78 -13.84 0.25 0.25 0.25 0.25 0.25 0.25 0.25 0.25 0.066666667 0.066666667 0.1 0.133333333 0.166666667 0.166666667 0.1 0.066666667 0.066666667 0.066666667 0.066666667 0.066666667 0.066666667 0.133333333 0.133333333 0.133333333
42413 -0.05 3.1875 3.2 3.2 3.1875 3.2 3.1875 3.2 3.225 -13.94 -14.04 -14.02 -14.08 -13.88 -13.8 -13.82 -13.7 0.25 0.25 0.25 0.2 0.25 0.25 0.2 0.25 0.1 0.1 0.1 0.066666667 0.1 0.066666667 0.133333333 0.133333333 0.1 0.066666667 0.133333333 0.133333333 0.133333333 0.066666667 0.133333333 0.1
42414 -0.05 3.1375 3.1625 3.1625 3.15 3.1625 3.175 3.1875 3.1875 -14 -14.04 -14.08 -14.14 -13.94 -13.9 -13.9 -13.92 0.25 0.25 0.2 0.25 0.25 0.25 0.2 0.25 0.066666667 0.066666667 0.066666667 0.066666667 0.133333333 0.133333333 0.1 0.133333333 0.066666667 0.1 0.066666667 0.133333333 0.133333333 0.166666667 0.1 0.1
42415 -0.05 3.375 3.3625 3.4125 3.4375 3.4625 3.4875 3.475 3.425 -14.72 -14.86 -14.82 -14.62 -14.84 -14.76 -14.76 -14.62 0.2 0.25 0.25 0.25 0.25 0.25 0.25 0.25 0.033333333 0.066666667 0.066666667 0.066666667 0.133333333 0.066666667 0.066666667 0.066666667 0.066666667 0.033333333 0.066666667 0.033333333 0.066666667 0.1 0.066666667 0.033333333
42416 -0.05 3.1625 3.15 3.1875 3.2125 3.2375 3.275 3.25 3.2125 -13.86 -13.68 -13.5 -13.6 -13.88 -13.9 -13.86 -13.88 0.25 0.25 0.25 0.2 0.25 0.25 0.2 0.2 0.066666667 0.133333333 0.1 0.066666667 0.133333333 0.1 0.1 0.066666667 0.1 0.1 0.066666667 0.066666667 0.166666667 0.1 0.1 0.1
42417 -0.05 3.0375 3.0375 3.075 3.125 3.15 3.1625 3.1625 3.1375 -13.92 -13.96 -14 -13.96 -14.04 -14 -13.96 -13.96 0.2 0.25 0.25 0.25 0.25 0.25 0.25 0.2 0.066666667 0.066666667 0.1 0.133333333 0.133333333 0.133333333 0.133333333 0.166666667 0.066666667 0.066666667 0.066666667 0.066666667 0.133333333 0.133333333 0.1 0.1
42418 -0.05 3.15 3.1625 3.15 3.1625 3.15 3.15 3.175 3.1875 -13.84 -13.68 -13.72 -13.78 -13.78 -13.84 -13.96 -13.92 0.2 0.25 0.25 0.25 0.25 0.25 0.2 0.25 0.066666667 0.1 0.066666667 0.066666667 0.133333333 0.166666667 0.166666667 0.1 0.066666667 0.1 0.133333333 0.066666667 0.166666667 0.166666667 0.1 0.066666667
42419 0 2.9625 2.9875 3.0125 3.0625 3.125 3.125 3.1125 3.0625 -13.44 -13.38 -13.38 -13.54 -13.48 -13.42 -13.62 -13.44 0.25 0.25 0.25 0.25 0.2 0.25 0.25 0.2 0.033333333 0.066666667 0.033333333 0.066666667 0.1 0.066666667 0.066666667 0.133333333 0.033333333 0.033333333 0.066666667 0.066666667 0.1 0.066666667 0.066666667 0
42420 -0.05 3.075 3.1 3.1125 3.1625 3.1875 3.2 3.2 3.15 -13.62 -13.72 -13.46 -13.56 -13.78 -13.74 -14 -13.88 0.25 0.25 0.2 0.25 0.25 0.25 0.25 0.25 0.066666667 0.066666667 0.1 0.066666667 0.133333333 0.133333333 0.133333333 0.1 0.066666667 0.066666667 0.066666667 0.133333333 0.133333333 0.133333333 0.133333333 0.166666667
42421 -0.05 3.275 3.2625 3.25 3.275 3.2 3.2125 3.25 3.275 -14.16 -14.12 -13.98 -14.04 -14.2 -14.14 -14.12 -14.12 0.25 0.2 0.25 0.2 0.25 0.25 0.25 0.2 0.066666667 0.066666667 0.1 0.066666667 0.133333333 0.166666667 0.1 0.066666667 0.1 0.1 0.1 0.133333333 0.166666667 0.1 0.066666667 0.066666667
42422 -0.05 3.3125 3.3 3.3 3.325 3.3 3.3125 3.3375 3.3625 -14.68 -14.46 -14.48 -14.56 -14.62 -14.52 -14.4 -14.34 0.25 0.25 0.25 0.25 0.25 0.25 0.25 0.25 0.066666667 0.1 0.066666667 0.066666667 0.133333333 0.133333333 0.1 0.166666667 0.066666667 0.033333333 0.066666667 0.033333333 0.1 0.066666667 0.066666667 0.066666667
42423 -0.05 3.2375 3.275 3.275 3.3 3.3125 3.3625 3.3375 3.325 -14.4 -14.34 -14.44 -14.32 -14.3 -14.38 -14.48 -14.46 0.25 0.25 0.25 0.25 0.25 0.25 0.2 0.2 0.066666667 0.066666667 0.1 0.1 0.133333333 0.166666667 0.1 0.066666667 0.066666667 0.1 0.1 0.066666667 0.1 0.066666667 0.1 0.066666667
42424 0 3.2 3.2 3.1875 3.2125 3.175 3.1625 3.2 3.2125 -13.94 -13.96 -13.96 -14.04 -13.98 -13.9 -13.96 -14.12 0.25 0.25 0.25 0.25 0.25 0.25 0.2 0.25 0.066666667 0.066666667 0.066666667 0.066666667 0.1 0.066666667 0.133333333 0.066666667 0.066666667 0.1 0.1 0.1 0.166666667 0.1 0.033333333 0.1
42425 -0.05 3.3375 3.3375 3.3875 3.4125 3.4 3.4375 3.425 3.3875 -14.36 -14.32 -14.16 -14.24 -14.46 -14.62 -14.6 -14.48 0.25 0.25 0.25 0.25 0.2 0.25 0.25 0.25 0.066666667 0.1 0.066666667 0.066666667 0.133333333 0.133333333 0.133333333 0.1 0.066666667 0.066666667 0.066666667 0.133333333 0.066666667 0.133333333 0.066666667 0.1
42426 0 2.9875 3.0125 3.0375 3.05 3.1375 3.1375 3.1375 3.1 -13.26 -13.32 -13.48 -13.48 -13.4 -13.54 -13.44 -13.44 0.2 0.25 0.25 0.2 0.25 0.25 0.2 0.25 0.1 0.066666667 0.1 0.066666667 0.1 0.066666667 0.133333333 0.133333333 0.1 0.066666667 0.066666667 0.1 0.1 0.133333333 0.066666667 0.133333333
42427 -0.05 3.2375 3.2375 3.2375 3.2375 3.2625 3.275 3.275 3.2625 -13.94 -13.82 -13.88 -13.8 -13.94 -13.92 -13.9 -13.82 0.25 0.2 0.25 0.2 0.2 0.25 0.25 0.25 0.1 0.1 0.133333333 0.1 0.133333333 0.066666667 0.133333333 0.133333333 0.1 0.1 0.1 0.133333333 0.133333333 0.133333333 0.133333333 0.1
42428 -0.05 3.225 3.225 3.225 3.25 3.2625 3.2625 3.2875 3.3 -13.82 -13.76 -13.62 -13.68 -13.8 -13.76 -13.76 -13.78 0.2 0.25 0.25 0.25 0.2 0.2 0.2 0.2 0.066666667 0.066666667 0.133333333 0.133333333 0.133333333 0.133333333 0.1 0.1 0.1 0.066666667 0.133333333 0.133333333 0.166666667 0.166666667 0.1 0.066666667
42429 0 3.0875 3.0875 3.125 3.1625 3.2 3.225 3.225 3.1625 -13.84 -13.88 -13.82 -13.82 -13.78 -13.84 -13.84 -13.78 0.25 0.25 0.25 0.25 0.25 0.25 0.2 0.25 0.1 0.1 0.1 0.1 0.166666667 0.1 0.1 0.133333333 0.1 0.1 0.066666667 0.133333333 0.1 0.1 0.066666667 0.066666667
42430 -0.05 3.3125 3.3125 3.275 3.3 3.3125 3.3 3.325 3.3375 -14.28 -14.36 -14.36 -14.3 -14.4 -14.42 -14.24 -14.28 0.25 0.2 0.25 0.25 0.2 0.2 0.25 0.2 0.066666667 0.1 0.066666667 0.133333333 0.066666667 0.133333333 0.133333333 0.133333333 0.066666667 0.1 0.066666667 0.066666667 0.133333333 0.133333333 0.033333333 0.166666667
42431 -0.05 3.2875 3.3 3.325 3.3625 3.375 3.3875 3.375 3.375 -14.4 -14.32 -14.44 -14.54 -14.46 -14.6 -14.84 -14.7 0.25 0.25 0.2 0.25 0.25 0.25 0.25 0.25 0.066666667 0.1 0.1 0.066666667 0.1 0.1 0.1 0.133333333 0.1 0.066666667 0.066666667 0.066666667 0.1 0.1 0.066666667 0.066666667
42432 -0.05 3.175 3.2 3.175 3.2125 3.175 3.175 3.2 3.2125 -13.84 -14.04 -13.82 -13.9 -13.96 -13.98 -13.84 -13.96 0.25 0.25 0.25 0.25 0.25 0.25 0.25 0.25 0.066666667 0.1 0.133333333 0.1 0.133333333 0.133333333 0.133333333 0.1 0.1 0.066666667 0.133333333 0.1 0.133333333 0.133333333 0.1 0.1
42433 -0.05 3.125 3.1375 3.1375 3.15 3.1625 3.1625 3.175 3.175 -13.84 -13.9 -13.96 -14.06 -13.94 -14 -13.96 -13.98 0.25 0.25 0.25 0.2 0.25 0.25 0.25 0.25 0.1 0.1 0.133333333 0.066666667 0.1 0.133333333 0.133333333 0.166666667 0.1 0.1 0.133333333 0.133333333 0.133333333 0.166666667 0.166666667 0.166666667
42434 -0.05 3.1625 3.1625 3.15 3.175 3.1375 3.1375 3.1625 3.2 -13.82 -13.94 -13.86 -13.74 -13.92 -13.86 -13.86 -13.76 0.25 0.25 0.25 0.25 0.25 0.2 0.25 0.25 0.1 0.133333333 0.133333333 0.133333333 0.133333333 0.166666667 0.133333333 0.133333333 0.1 0.1 0.133333333 0.066666667 0.133333333 0.1 0.133333333 0.133333333
42435 -0.05 3.1375 3.1375 3.1125 3.1375 3.15 3.1375 3.175 3.1875 -13.92 -14.14 -14.06 -13.9 -13.98 -13.82 -14 -13.98 0.25 0.2 0.25 0.25 0.25 0.25 0.2 0.25 0.1 0.1 0.133333333 0.1 0.166666667 0.166666667 0.1 0.133333333 0.133333333 0.1 0.133333333 0.066666667 0.166666667 0.166666667 0.066666667 0.133333333
42436 -0.05 3.2375 3.2375 3.2125 3.25 3.175 3.175 3.2 3.2375 -14.3 -14.28 -14.22 -14.24 -14.28 -14.32 -14.18 -14.16 0.25 0.25 0.25 0.2 0.25 0.25 0.25 0.25 0.1 0.1 0.1 0.133333333 0.133333333 0.166666667 0.1 0.066666667 0.1 0.1 0.133333333 0.1 0.166666667 0.166666667 0.1 0.1
42437 -0.05 3.1625 3.1625 3.1375 3.1625 3.15 3.1375 3.175 3.2 -14 -13.94 -13.94 -13.78 -13.82 -13.94 -13.92 -13.82 0.25 0.25 0.25 0.2 0.2 0.25 0.25 0.25 0.1 0.1 0.1 0.133333333 0.166666667 0.166666667 0.133333333 0.133333333 0.1 0.1 0.133333333 0.066666667 0.166666667 0.066666667 0.066666667 0.133333333
42438 -0.05 3.1375 3.1625 3.2125 3.225 3.3125 3.3375 3.3 3.2625 -13.9 -13.82 -13.78 -13.86 -14 -14 -13.96 -13.86 0.2 0.25 0.25 0.25 0.2 0.25 0.25 0.2 0.1 0.1 0.133333333 0.133333333 0.133333333 0.166666667 0.166666667 0.1 0.133333333 0.1 0.1 0.133333333 0.166666667 0.166666667 0.166666667 0.166666667
42439 -0.05 3.1625 3.1625 3.175 3.2 3.175 3.1625 3.175 3.2125 -13.56 -13.9 -13.98 -13.92 -13.46 -13.54 -13.72 -13.74 0.25 0.2 0.2 0.25 0.2 0.2 0.25 0.25 0.1 0.1 0.1 0.066666667 0.166666667 0.1 0.133333333 0.133333333 0.133333333 0.066666667 0.133333333 0.133333333 0.1 0.066666667 0.133333333 0.133333333
42440 -0.05 3.1375 3.125 3.15 3.175 3.2125 3.2375 3.225 3.1875 -13.74 -13.88 -13.98 -13.86 -14.02 -14.08 -14.1 -14.18 0.25 0.25 0.25 0.2 0.2 0.2 0.2 0.2 0.1 0.1 0.1 0.133333333 0.133333333 0.133333333 0.1 0.166666667 0.133333333 0.133333333 0.133333333 0.166666667 0.133333333 0.1 0.1 0.1
42441 -0.05 3.175 3.1875 3.175 3.1875 3.15 3.1625 3.1625 3.1875 -13.4 -13.46 -13.48 -13.56 -13.54 -13.54 -13.72 -13.8 0.25 0.25 0.25 0.2 0.25 0.2 0.25 0.2 0.1 0.133333333 0.133333333 0.133333333 0.166666667 0.166666667 0.1 0.066666667 0.133333333 0.133333333 0.1 0.166666667 0.166666667 0.166666667 0.1 0.133333333
42442 -0.05 3.1 3.125 3.15 3.2 3.225 3.2375 3.25 3.2125 -13.6 -13.6 -13.64 -13.72 -13.84 -13.96 -13.88 -13.94 0.25 0.2 0.25 0.25 0.2 0.2 0.25 0.25 0.1 0.1 0.1 0.1 0.133333333 0.133333333 0.133333333 0.166666667 0.1 0.133333333 0.133333333 0.133333333 0.133333333 0.166666667 0.166666667 0.166666667
42443 -0.05 3.2125 3.2375 3.2625 3.275 3.35 3.375 3.3625 3.3125 -14.34 -14.52 -14.48 -14.24 -14.48 -14.48 -14.48 -14.54 0.25 0.25 0.25 0.25 0.2 0.25 0.25 0.25 0.066666667 0.1 0.1 0.1 0.166666667 0.1 0.066666667 0.066666667 0.1 0.1 0.1 0.066666667 0.166666667 0.166666667 0.1 0.066666667
42444 -0.05 3.1375 3.1625 3.1875 3.2 3.25 3.2625 3.25 3.2125 -13.68 -13.74 -13.76 -13.72 -13.72 -13.76 -13.74 -13.76 0.25 0.25 0.25 0.2 0.25 0.25 0.25 0.25 0.133333333 0.166666667 0.166666667 0.1 0.166666667 0.166666667 0.1 0.166666667 0.166666667 0.133333333 0.133333333 0.166666667 0.166666667 0.2 0.166666667 0.1
42445 -0.05 3.0875 3.1 3.15 3.1875 3.2375 3.25 3.2375 3.1875 -13.76 -13.74 -13.76 -13.74 -14.02 -13.96 -13.98 -13.9 0.25 0.25 0.25 0.2 0.25 0.2 0.25 0.25 0.1 0.1 0.1 0.1 0.166666667 0.166666667 0.166666667 0.166666667 0.1 0.1 0.1 0.133333333 0.166666667 0.166666667 0.166666667 0.166666667
42446 -0.05 3.3 3.3 3.2875 3.3125 3.25 3.25 3.2625 3.2625 -14.14 -14.14 -14.1 -14.1 -14 -13.94 -13.96 -13.76 0.2 0.2 0.25 0.2 0.25 0.25 0.25 0.25 0.1 0.1 0.1 0.166666667 0.133333333 0.166666667 0.133333333 0.166666667 0.133333333 0.1 0.1 0.166666667 0.166666667 0.133333333 0.166666667 0.1
42447 -0.05 3.225 3.2375 3.225 3.25 3.225 3.225 3.2375 3.2375 -13.84 -13.88 -13.78 -13.88 -13.8 -13.76 -13.74 -13.7 0.25 0.25 0.2 0.25 0.2 0.25 0.25 0.25 0.133333333 0.133333333 0.133333333 0.1 0.166666667 0.166666667 0.1 0.1 0.133333333 0.1 0.166666667 0.166666667 0.166666667 0.166666667 0.166666667 0.166666667
42448 0 3.05 3.0625 3.1 3.125 3.1875 3.2 3.2125 3.1625 -13.72 -13.72 -13.72 -13.7 -13.84 -13.88 -13.86 -13.84 0.25 0.2 0.25 0.25 0.2 0.25 0.2 0.2 0.1 0.1 0.1 0.1 0.166666667 0.166666667 0.166666667 0.133333333 0.133333333 0.133333333 0.133333333 0.1 0.166666667 0.1 0.133333333 0.133333333
42449 -0.05 3.2 3.2 3.2 3.225 3.175 3.1875 3.1875 3.2 -13.94 -13.98 -13.96 -13.98 -13.88 -13.82 -13.82 -13.84 0.25 0.2 0.25 0.2 0.2 0.2 0.25 0.2 0.1 0.1 0.1 0.133333333 0.133333333 0.133333333 0.133333333 0.166666667 0.133333333 0.133333333 0.166666667 0.166666667 0.2 0.166666667 0.166666667 0.1
42450 -0.05 3.1875 3.2 3.1875 3.2 3.2 3.1875 3.2 3.2 -14.06 -14.08 -14.06 -14.16 -13.88 -13.84 -13.84 -13.78 0.25 0.25 0.25 0.2 0.25 0.25 0.2 0.25 0.133333333 0.133333333 0.166666667 0.133333333 0.166666667 0.166666667 0.1 0.1 0.1 0.1 0.1 0.133333333 0.166666667 0.166666667 0.166666667 0.1
42451 -0.05 3.0625 3.1 3.1125 3.1375 3.1875 3.2 3.2 3.175 -13.64 -13.64 -13.54 -13.36 -13.94 -13.86 -13.84 -13.72 0.25 0.2 0.25 0.25 0.2 0.2 0.25 0.25 0.133333333 0.1 0.133333333 0.1 0.166666667 0.166666667 0.166666667 0.166666667 0.133333333 0.133333333 0.1 0.1 0.166666667 0.166666667 0.1 0.166666667
42452 -0.05 3.2625 3.25 3.2375 3.275 3.2375 3.2375 3.275 3.275 -14.3 -14.42 -14.54 -14.46 -14.5 -14.48 -14.46 -14.48 0.25 0.25 0.2 0.25 0.25 0.25 0.25 0.25 0.066666667 0.1 0.1 0.066666667 0.1 0.133333333 0.066666667 0.066666667 0.066666667 0.066666667 0.066666667 0.133333333 0.166666667 0.1 0.066666667 0.066666667
42453 -0.05 3.075 3.0875 3.1125 3.125 3.1875 3.2125 3.1875 3.15 -13.46 -13.48 -13.6 -13.54 -13.56 -13.62 -13.64 -13.64 0.2 0.2 0.25 0.2 0.2 0.25 0.2 0.25 0.066666667 0.1 0.066666667 0.1 0.1 0.1 0.1 0.066666667 0.066666667 0.1 0.066666667 0.133333333 0.1 0.1 0.066666667 0.066666667
42454 -0.05 3.25 3.25 3.2875 3.3125 3.3125 3.3375 3.3375 3.3125 -14.32 -14.28 -14.18 -14.24 -14.24 -14.28 -14.46 -14.56 0.25 0.25 0.2 0.25 0.25 0.25 0.25 0.2 0.1 0.1 0.066666667 0.066666667 0.133333333 0.133333333 0.166666667 0.033333333 0.1 0.1 0.1 0.133333333 0.133333333 0.166666667 0.1 0.1
42455 -0.05 3.0875 3.075 3.0875 3.1 3.0875 3.1 3.125 3.1 -14.2 -14.2 -14.22 -14.2 -13.86 -13.84 -13.82 -13.86 0.25 0.25 0.25 0.25 0.25 0.25 0.25 0.25 0.1 0.133333333 0.133333333 0.066666667 0.1 0.133333333 0.133333333 0.1 0.1 0.133333333 0.133333333 0.066666667 0.166666667 0.1 0.166666667 0.066666667
42456 -0.05 3.375 3.375 3.375 3.4 3.2875 3.3 3.325 3.3375 -14.72 -14.6 -14.74 -14.84 -14.64 -14.42 -14.52 -14.48 0.25 0.25 0.25 0.25 0.25 0.25 0.25 0.25 0.066666667 0.1 0.1 0.066666667 0.133333333 0.1 0.1 0.1 0.066666667 0.066666667 0.066666667 0.066666667 0.166666667 0.1 0.1 0.066666667
42457 -0.05 3.2125 3.2375 3.2625 3.2625 3.325 3.35 3.3125 3.3125 -14.08 -14.14 -14.22 -14.28 -14.4 -14.6 -14.46 -14.46 0.25 0.25 0.25 0.2 0.2 0.25 0.25 0.25 0.1 0.1 0.1 0.1 0.133333333 0.133333333 0.166666667 0.166666667 0.1 0.1 0.133333333 0.066666667 0.166666667 0.166666667 0.166666667 0.1
42458 -0.05 3.3375 3.3625 3.325 3.35 3.3125 3.3125 3.325 3.3625 -14.5 -14.64 -14.42 -14.42 -14.5 -14.46 -14.54 -14.32 0.25 0.25 0.25 0.2 0.25 0.25 0.25 0.2 0.1 0.1 0.1 0.133333333 0.133333333 0.133333333 0.166666667 0.1 0.133333333 0.133333333 0.1 0.066666667 0.133333333 0.133333333 0.166666667 0.166666667
42459 -0.05 3.1 3.1125 3.1375 3.1625 3.225 3.25 3.225 3.1875 -14.28 -14.36 -14.28 -14.26 -14.26 -14.24 -14.28 -14.32 0.2 0.2 0.2 0.25 0.25 0.25 0.2 0.2 0.133333333 0.133333333 0.133333333 0.166666667 0.166666667 0.1 0.166666667 0.166666667 0.133333333 0.133333333 0.1 0.1 0.1 0.1 0.166666667 0.166666667
42460 -0.05 3.1375 3.1375 3.125 3.15 3.1125 3.125 3.15 3.1625 -13.84 -13.76 -13.92 -13.82 -13.86 -13.68 -14.02 -13.8 0.25 0.25 0.25 0.2 0.25 0.2 0.25 0.2 0.1 0.133333333 0.1 0.133333333 0.166666667 0.1 0.133333333 0.133333333 0.133333333 0.166666667 0.166666667 0.166666667 0.2 0.133333333 0.133333333 0.133333333
42461 0 3.25 3.25 3.25 3.2375 3.275 3.3 3.3125 3.325 -13.9 -13.8 -13.86 -13.98 -14.1 -13.98 -13.96 -13.96 0.25 0.2 0.2 0.2 0.2 0.25 0.25 0.25 0.1 0.133333333 0.1 0.133333333 0.133333333 0.133333333 0.166666667 0.133333333 0.133333333 0.1 0.1 0.166666667 0.166666667 0.133333333 0.066666667 0.066666667
42462 -0.05 3.3625 3.35 3.3625 3.3875 3.3375 3.3625 3.3625 3.3875 -14.26 -14.38 -14.34 -14.32 -14.54 -14.28 -14.26 -14.22 0.25 0.2 0.25 0.25 0.2 0.25 0.25 0.25 0.133333333 0.166666667 0.133333333 0.166666667 0.2 0.2 0.166666667 0.166666667 0.133333333 0.133333333 0.166666667 0.166666667 0.2 0.2 0.166666667 0.166666667
42463 -0.05 3 3.025 3.0625 3.1 3.125 3.125 3.1125 3.075 -13.36 -13.22 -13.34 -13.4 -13.28 -13.4 -13.38 -13.34 0.2 0.25 0.2 0.25 0.25 0.25 0.2 0.25 0.133333333 0.166666667 0.166666667 0.166666667 0.166666667 0.1 0.2 0.2 0.133333333 0.133333333 0.2 0.166666667 0.166666667 0.166666667 0.2 0.2
42464 -0.05 3.125 3.1125 3.125 3.1375 3.125 3.1125 3.1375 3.1625 -14.02 -13.9 -13.88 -13.92 -13.94 -13.96 -13.84 -13.9 0.2 0.25 0.25 0.25 0.25 0.2 0.2 0.25 0.133333333 0.166666667 0.166666667 0.133333333 0.2 0.2 0.166666667 0.166666667 0.133333333 0.133333333 0.166666667 0.133333333 0.2 0.166666667 0.166666667 0.1
42465 -0.05 3.1 3.125 3.15 3.175 3.25 3.2625 3.2625 3.1875 -13.72 -13.38 -13.5 -13.5 -13.44 -13.62 -13.76 -13.68 0.2 0.2 0.25 0.25 0.25 0.2 0.2 0.25 0.1 0.1 0.133333333 0.166666667 0.166666667 0.1 0.133333333 0.166666667 0.1 0.133333333 0.133333333 0.1 0.166666667 0.1 0.133333333 0.133333333
42466 -0.05 3.0625 3.0875 3.125 3.1375 3.2 3.225 3.2 3.1375 -13.6 -13.48 -13.56 -13.76 -13.9 -13.82 -13.82 -13.92 0.25 0.25 0.25 0.25 0.2 0.25 0.25 0.25 0.133333333 0.133333333 0.166666667 0.1 0.166666667 0.166666667 0.166666667 0.1 0.166666667 0.1 0.1 0.166666667 0.166666667 0.166666667 0.1 0.1
42467 -0.05 3.125 3.1375 3.1875 3.2 3.275 3.2875 3.2625 3.2375 -14.1 -14.08 -14.12 -14.24 -14.2 -14.14 -14.26 -14.22 0.2 0.25 0.25 0.25 0.25 0.25 0.25 0.25 0.1 0.133333333 0.1 0.1 0.133333333 0.166666667 0.1 0.133333333 0.133333333 0.1 0.1 0.1 0.1 0.1 0.166666667 0.066666667
42468 -0.05 3.125 3.1375 3.175 3.2125 3.2 3.225 3.2 3.1625 -13.78 -13.74 -13.6 -13.6 -13.8 -13.64 -13.58 -13.74 0.25 0.25 0.2 0.2 0.2 0.25 0.2 0.2 0.066666667 0.066666667 0.1 0.066666667 0.133333333 0.133333333 0.066666667 0.033333333 0.1 0.066666667 0.033333333 0.066666667 0.066666667 0.066666667 0.066666667 0.066666667
42469 -0.05 3.1125 3.1375 3.1875 3.2 3.2625 3.275 3.2625 3.2 -13.68 -13.8 -13.86 -13.72 -13.8 -13.74 -13.76 -13.88 0.25 0.25 0.2 0.2 0.25 0.25 0.25 0.25 0.133333333 0.133333333 0.133333333 0.166666667 0.166666667 0.1 0.133333333 0.2 0.133333333 0.166666667 0.166666667 0.166666667 0.2 0.166666667 0.2 0.166666667
42470 -0.05 3.2125 3.2125 3.275 3.3 3.3 3.325 3.3 3.2875 -14.4 -14.28 -14.4 -14.28 -14.4 -14.5 -14.54 -14.48 0.25 0.25 0.25 0.25 0.2 0.25 0.25 0.25 0.1 0.1 0.1 0.1 0.133333333 0.166666667 0.1 0.1 0.1 0.1 0.133333333 0.166666667 0.166666667 0.1 0.066666667 0.066666667
42471 -0.05 3.1875 3.2125 3.2 3.2125 3.2125 3.2125 3.2125 3.25 -13.9 -13.96 -13.96 -13.8 -13.64 -13.52 -13.6 -13.74 0.25 0.2 0.25 0.25 0.2 0.2 0.25 0.25 0.1 0.1 0.1 0.1 0.166666667 0.133333333 0.133333333 0.133333333 0.133333333 0.1 0.166666667 0.1 0.133333333 0.133333333 0.166666667 0.166666667
42472 -0.05 3.05 3.0625 3.0875 3.1375 3.1625 3.1625 3.1625 3.125 -13.32 -13.3 -13.46 -13.28 -13.54 -13.5 -13.6 -13.58 0.25 0.25 0.25 0.2 0.25 0.2 0.25 0.25 0.166666667 0.2 0.166666667 0.2 0.233333333 0.2 0.2 0.166666667 0.166666667 0.2 0.166666667 0.166666667 0.2 0.2 0.2 0.2
42473 -0.05 3.075 3.1125 3.125 3.15 3.1875 3.1875 3.175 3.15 -13.8 -14.04 -14.06 -14.06 -14.1 -14.24 -13.94 -13.96 0.25 0.25 0.25 0.2 0.25 0.25 0.2 0.2 0.133333333 0.133333333 0.133333333 0.166666667 0.2 0.166666667 0.2 0.133333333 0.133333333 0.166666667 0.1 0.1 0.2 0.2 0.133333333 0.133333333
42474 -0.05 3.2375 3.25 3.2375 3.25 3.2375 3.25 3.25 3.275 -13.64 -13.66 -13.7 -13.72 -13.86 -14.02 -14.08 -13.94 0.25 0.2 0.2 0.25 0.2 0.2 0.25 0.2 0.1 0.1 0.1 0.1 0.133333333 0.166666667 0.166666667 0.166666667 0.1 0.133333333 0.1 0.1 0.166666667 0.166666667 0.133333333 0.1
42475 -0.05 3.05 3.075 3.1 3.1375 3.1875 3.2 3.1875 3.1375 -13.8 -13.8 -13.82 -13.64 -13.98 -13.74 -13.96 -14.04 0.2 0.25 0.25 0.25 0.2 0.25 0.2 0.2 0.1 0.133333333 0.1 0.1 0.166666667 0.1 0.1 0.166666667 0.1 0.133333333 0.166666667 0.1 0.166666667 0.1 0.1 0.166666667
